34.7461576
-19.9349254
37.8944444
53.4535898
-20.2506152
30.9707414
52.57199019999999
36.4915111
39.1517342
56.130366
None
None
63.9495695
16.2638711
None
None
32.655325
None
None
None
None
None
-12.11532
-12.7861978
-34.0264691
None
-34.17013240000001
-32.7333
-34.0341147
None
28.572029
35.8982448
None
53.27403220000001
None
41.090445
-12.5322373
33.319327
None
30.3519078
49.12271
27.8661364
None
43.2121511
-36.82909
42.1087167
None
-18.4876637
-18.4876637
None
None
5.3150952
-20.0494418
24.830881
37.7575737
67.07329560000001
None
47.6567387
None
49.1024147
9.6646755
37.229712
None
None
27.8937109
None
33.400691
-28.58501
-28.58501
-29.9587668
-29.9587668
-14.8358687
None
None
43.1811827
None
None
9.6646755
None
-41.4309658
-41.52701709999999
27.9903597
27.8617347
27.747747
27.6648274
None
-30.4405176
-14.5770093
27.6476309
None
None
27.932501
-12.5419553
None
None
None
None
42.9600774
42.1911529
None
47.085541
49.688233
34.6521048
47.94697379999999
35.227468
43.8526815
29.987855
44.2588889
36.1847433
39.57095169999999
28.5355615
34.313519
35.5174913
28.5473855
40.8324211
27.8661364
9.6646755
37.9131641
55.037217
39.94048
None
40.01778789999999
None
-18.512178
-41.6393975
-41.7078976
-20.2530617
53.7266683
27.366235
35.6678203
35.66028
None
40.0078516
12.5077778
30.506111
25.775885
None
-34.1736837
39.6582446
None
35.5344397
46.387501
40.6317489
38.0598804
44.2588889
45.90373710000001
-28.5754805
39.7662874
None
27.8883596
36.85699150000001
39.715821
61.52401
35.5344397
21.1014357
30.506111
32.7021833
40.1672068
-34.1683181
-34.1736837
37.4786417
53.7266683
35.5362424
38.3683225
53.9332706
53.7266683
46.386179
-17.7762736
37.8867764
38.5396481
35.6416851
34.8929749
57.0437999
39.4736487
35.2607827
62.4676279
28.5473855
42.4885578
35.5339114
52.09381
43.8886955
46.498432
40.4101294
37.811941
41.6332599
40.553278
46.5821879
17.493771
38.8686036
None
50.4714499
41.5285757
-25.598844
39.78729240000001
35.7595731
43.8526815
48.2853611
48.40419199999999
53.9332706
30.4148916
19.3969616
None
30.4148916
32.7713792
33.129135
None
48.2853611
27.7520418
45.9368206
54.627956
42.4885578
None
53.163795
54.4608702
50.4237922
30.4148916
35.6195242
43.2630126
35.5174913
49.2888811
53.277288
43.2203266
27.6648274
52.9399159
39.3685383
27.742642
54.941666
54.941666
54.941666
51.7254324
43.1811827
53.19246099999999
32.5503271
37.09024
53.1046782
53.1810924
53.007468
53.0098251
None
None
-33.4321351
-33.1622146
-26.3892944
-32.2832999
-33.4075152
-40.7642459
-40.7642427
-33.5089876
-29.9219794
-29.9219369
-29.9219284
-29.921801
30.60108049999999
12.5077778
12.5077778
12.5077778
None
38.9171845
46.498432
30.564369
43.079009
43.3010841
22.280941
30.5738502
-9.189967
40.5177463
53.0098251
50.64547
39.5944853
38.9955607
-26.8023883
27.902047
42.6934403
27.902047
28.5604501
27.902047
49.688233
32.965
45.471052
-25.274398
40.5221684
37.8400344
37.747044
-25.274398
19.7038263
-26.2778005
-33.4421117
36.4912834
-34.1683181
