112.0761958
-43.9367903
-107.6383333
-130.1498672
-43.8042588
-110.3089756
-121.6408822
-79.7195704
46.1493699
-106.346771
None
None
28.1714838
120.6258059
None
None
103.604698
None
None
None
None
None
-77.0322651
-74.9764024
-71.1002881
None
-70.7406259
-71.2042115
-71.0267176
None
109.482078
-84.5188191
None
-1.6947402
None
-6.8058934
27.8571507
109.522122
None
-88.4995938
-123.0954608
-82.32648089999999
None
2.983806
-72.425984
22.5195587
None
-70.2887417
-70.2887417
None
None
-1.9957717
-43.9160256
107.579105
-82.58652889999999
20.9641294
None
23.5849881
None
-117.8194705
125.5945712
-6.952200299999999
None
None
-81.9732799
None
-110.9690387
-70.750973
-70.750973
-71.2486024
-71.2486024
-74.9327583
None
None
23.517919
None
None
125.5945712
None
147.1439793
147.7884863
-82.3017728
-81.6911559
-81.851558
-81.5157535
None
136.872751
-49.9685762
-81.7570894
None
None
-82.439572
27.8545867
None
None
None
None
19.5835874
24.3481619
None
17.4756235
-115.9887171
-80.426976
-80.6770209
-119.8901979
-114.8770163
-90.066271
-114.3997222
-86.8038905
-76.0267691
-82.53233449999999
108.949815
-86.5804473
-82.42186459999999
-115.7631232
-82.32648089999999
125.5945712
-81.53205480000001
82.91509099999999
116.355425
None
-80.0976092
None
-44.5550308
147.6036973
147.7029458
-43.8030567
-127.6476206
119.533784
-101.3973876
-78.97389
None
-79.9789401
-86.7022222
-111.0041667
113.169207
None
-70.7493885
-119.4290649
None
-76.9650262
30.72736
-116.9361811
-78.148369
-114.3997222
-112.0077829
-70.75853
-120.6185519
None
-81.945639
-83.2445786
-105.6119454
105.318756
-76.9650262
-86.861694
-111.0041667
-108.3052321
-105.1019275
-70.7472101
-70.7493885
-78.46554630000001
-127.6476206
-108.6422539
-108.7364871
-116.5765035
-127.6476206
-82.650941
31.3113356
140.5157539
139.6832314
139.3792429
138.8820431
-111.5905414
-92.20989879999999
-107.8391007
21.316302
-82.42186459999999
-107.7593831
-108.5998029
4.283494
125.259967
-116.724759
-80.0078961
-107.6645057
25.8603494
-112.2457782
-111.9263212
78.33191620000001
-107.0389357
None
-101.5450752
-109.4662461
27.126531
-105.5002227
-79.01929969999999
-114.8770163
-115.882989
-3.751799
-116.5765035
-89.2352106
-99.1787439
None
-89.2352106
-108.2801458
-110.9798736
None
-115.882989
-81.80203270000001
22.9448446
-124.404853
-107.7593831
None
-1.414784
-3.0886254
-4.0364108
-89.2352106
-87.14228949999999
-2.9349852
-86.5804473
-123.1223073
-1.658657
142.8634737
-81.5157535
-106.4508639
-106.184114
-81.85109480000001
-1.617791
-1.617791
-1.617791
-3.370929
23.517919
-1.3616054
-94.36454979999999
-95.712891
-1.5623885
-1.3685274
-1.211327
-3.6270191
None
None
-70.6363265
-70.87358309999999
-69.4813018
-71.0167
-70.724305
-71.6478454
-71.6478017
-70.7502016
-71.2520337
-71.2520029
-71.25199669999999
-71.25190429999999
-84.57372649999999
-86.7022222
-86.7022222
-86.7022222
None
-77.0464456
-116.724759
-97.066654
-108.492548
-103.8254758
114.175588
-87.0911509
-75.015152
-108.0870285
-3.6270191
5.634880000000001
-91.7768291
-110.1596352
28.5272661
-81.80422999999999
-73.0506869
-81.80422999999999
-81.79324299999999
-81.80422999999999
-115.9887171
-114.46278
-73.6152793
133.775136
-112.1493862
-111.2845025
-91.933403
133.775136
-101.191382
30.2147248
-70.76966569999999
-4.7686327
-70.7472101
